0 0.0666667 0.0666667
 0.01
1 0.133333 0.0333333
 0.01
2 0.266667 0.0666667
 0.01
3 0.333333 0.0333333
 0.01
4 0.466667 0.0666667
 0.01
5 0.533333 0.0333333
 0.01
6 0.666667 0.0666667
 0.01
7 0.733333 0.0333333
 0.01
8 0.866667 0.0666667
 0.01
9 0.933333 0.0333333
 0.01
10 0.0666667 0.166667
 0.01
11 0.133333 0.133333
 0.01
12 0.266667 0.166667
 0.01
13 0.333333 0.133333
 0.01
14 0.466667 0.166667
 0.01
15 0.533333 0.133333
 0.01
16 0.666667 0.166667
 0.01
17 0.733333 0.133333
 0.01
18 0.866667 0.166667
 0.01
19 0.933333 0.133333
 0.01
20 0.0666667 0.266667
 0.01
21 0.133333 0.233333
 0.01
22 0.266667 0.266667
 0.01
23 0.333333 0.233333
 0.01
24 0.466667 0.266667
 0.01
25 0.533333 0.233333
 0.01
26 0.666667 0.266667
 0.01
27 0.733333 0.233333
 0.01
28 0.866667 0.266667
 0.01
29 0.933333 0.233333
 0.01
30 0.0666667 0.366667
 0.01
31 0.133333 0.333333
 0.01
32 0.266667 0.366667
 0.01
33 0.333333 0.333333
 0.01
34 0.466667 0.366667
 0.01
35 0.533333 0.333333
 0.01
36 0.666667 0.366667
 0.01
37 0.733333 0.333333
 0.01
38 0.866667 0.366667
 0.01
39 0.933333 0.333333
 0.01
40 0.0666667 0.466667
 0.01
41 0.133333 0.433333
 0.01
42 0.266667 0.466667
 0.01
43 0.333333 0.433333
 0.01
44 0.466667 0.466667
 0.01
45 0.533333 0.433333
 0.01
46 0.666667 0.466667
 0.01
47 0.733333 0.433333
 0.01
48 0.866667 0.466667
 0.01
49 0.933333 0.433333
 0.01
