0 0
 2.6624e-26
0.2 0
 6.656e-14
0.4 0
 8.448e-14
0.6 0
 8.448e-14
0.8 0
 6.656e-14
1 0
 2.6624e-26
 
0 0.1
 1.664e-14
0.2 0.1
 0.0832
0.4 0.1
 0.1056
0.6 0.1
 0.1056
0.8 0.1
 0.0832
1 0.1
 1.664e-14
 
0 0.2
 2.432e-14
0.2 0.2
 0.1216
0.4 0.2
 0.1568
0.6 0.2
 0.1568
0.8 0.2
 0.1216
1 0.2
 2.432e-14
 
0 0.3
 2.432e-14
0.2 0.3
 0.1216
0.4 0.3
 0.1568
0.6 0.3
 0.1568
0.8 0.3
 0.1216
1 0.3
 2.432e-14
 
0 0.4
 1.664e-14
0.2 0.4
 0.0832
0.4 0.4
 0.1056
0.6 0.4
 0.1056
0.8 0.4
 0.0832
1 0.4
 1.664e-14
 
0 0.5
 2.6624e-26
0.2 0.5
 6.656e-14
0.4 0.5
 8.448e-14
0.6 0.5
 8.448e-14
0.8 0.5
 6.656e-14
1 0.5
 2.6624e-26
 
